 Steady states values for CP-TSR Curve
wsp , omega , pitch_in ,K , pe , aero_thrust , TSR, CP , CT, a
   0.120000E+02    0.292993E+01   -0.100000E+02    0.100000E+00    0.644505E+06    0.843347E+03    0.113047E+02    0.904200E-01    0.141980E+01    0.499688E-03
   0.120000E+02    0.318311E+01   -0.857143E+01    0.100000E+00    0.826411E+06    0.804061E+03    0.122815E+02    0.115940E+00    0.135366E+01    0.498667E-03
   0.120000E+02    0.344437E+01   -0.714286E+01    0.100000E+00    0.104718E+07    0.737400E+03    0.132895E+02    0.146913E+00    0.124143E+01    0.480112E-03
   0.120000E+02    0.364325E+01   -0.571429E+01    0.100000E+00    0.123924E+07    0.648060E+03    0.140569E+02    0.173857E+00    0.109103E+01    0.499103E-03
   0.120000E+02    0.373249E+01   -0.428571E+01    0.100000E+00    0.133251E+07    0.550051E+03    0.144012E+02    0.186943E+00    0.926025E+00    0.488634E-03
   0.120000E+02    0.368979E+01   -0.285714E+01    0.100000E+00    0.128703E+07    0.452544E+03    0.142364E+02    0.180562E+00    0.761868E+00    0.470023E-03
   0.120000E+02    0.359783E+01   -0.142857E+01    0.100000E+00    0.119322E+07    0.365724E+03    0.138816E+02    0.167401E+00    0.615705E+00    0.475467E-03
   0.120000E+02    0.345440E+01    0.000000E+00    0.100000E+00    0.105631E+07    0.290278E+03    0.133282E+02    0.148194E+00    0.488689E+00    0.469754E-03
   0.120000E+02    0.326439E+01    0.142857E+01    0.100000E+00    0.891409E+06    0.226195E+03    0.125951E+02    0.125059E+00    0.380805E+00    0.490828E-03
   0.120000E+02    0.303843E+01    0.285714E+01    0.100000E+00    0.718760E+06    0.172371E+03    0.117233E+02    0.100838E+00    0.290191E+00    0.459246E-03
   0.120000E+02    0.279263E+01    0.428571E+01    0.100000E+00    0.558017E+06    0.128330E+03    0.107749E+02    0.782863E-01    0.216047E+00    0.492107E-03
   0.120000E+02    0.254287E+01    0.571429E+01    0.100000E+00    0.421368E+06    0.942414E+02    0.981125E+01    0.591153E-01    0.158658E+00    0.476079E-03
   0.120000E+02    0.230252E+01    0.714286E+01    0.100000E+00    0.312789E+06    0.694791E+02    0.888390E+01    0.438823E-01    0.116970E+00    0.487573E-03
   0.120000E+02    0.207994E+01    0.857143E+01    0.100000E+00    0.230557E+06    0.507645E+02    0.802512E+01    0.323457E-01    0.854632E-01    0.479954E-03
   0.120000E+02    0.230957E+01   -0.100000E+02    0.682353E+00    0.215394E+07    0.691892E+03    0.891109E+01    0.302184E+00    0.116482E+01    0.486741E-03
   0.120000E+02    0.239919E+01   -0.857143E+01    0.682353E+00    0.241485E+07    0.677498E+03    0.925689E+01    0.338788E+00    0.114058E+01    0.495795E-03
   0.120000E+02    0.246553E+01   -0.714286E+01    0.682353E+00    0.262068E+07    0.640743E+03    0.951284E+01    0.367665E+00    0.107871E+01    0.471225E-03
   0.120000E+02    0.251093E+01   -0.571429E+01    0.682353E+00    0.276823E+07    0.592325E+03    0.968801E+01    0.388365E+00    0.997194E+00    0.489675E-03
   0.120000E+02    0.252977E+01   -0.428571E+01    0.682353E+00    0.283049E+07    0.536761E+03    0.976070E+01    0.397101E+00    0.903651E+00    0.472099E-03
   0.120000E+02    0.249433E+01   -0.285714E+01    0.682353E+00    0.271356E+07    0.469039E+03    0.962397E+01    0.380696E+00    0.789639E+00    0.475890E-03
   0.120000E+02    0.244583E+01   -0.142857E+01    0.682353E+00    0.255818E+07    0.406332E+03    0.943684E+01    0.358896E+00    0.684069E+00    0.462947E-03
   0.120000E+02    0.237823E+01    0.000000E+00    0.682353E+00    0.235213E+07    0.346111E+03    0.917601E+01    0.329989E+00    0.582686E+00    0.468618E-03
   0.120000E+02    0.229057E+01    0.142857E+01    0.682353E+00    0.210133E+07    0.290436E+03    0.883779E+01    0.294804E+00    0.488957E+00    0.479256E-03
   0.120000E+02    0.218496E+01    0.285714E+01    0.682353E+00    0.182396E+07    0.239826E+03    0.843032E+01    0.255890E+00    0.403753E+00    0.484398E-03
   0.120000E+02    0.206628E+01    0.428571E+01    0.682353E+00    0.154233E+07    0.195680E+03    0.797239E+01    0.216379E+00    0.329432E+00    0.441216E-03
   0.120000E+02    0.194047E+01    0.571429E+01    0.682353E+00    0.127744E+07    0.157126E+03    0.748697E+01    0.179217E+00    0.264525E+00    0.460754E-03
   0.120000E+02    0.181246E+01    0.714286E+01    0.682353E+00    0.104098E+07    0.125320E+03    0.699306E+01    0.146043E+00    0.210979E+00    0.492598E-03
   0.120000E+02    0.168681E+01    0.857143E+01    0.682353E+00    0.839237E+06    0.997966E+02    0.650829E+01    0.117740E+00    0.168010E+00    0.499697E-03
   0.120000E+02    0.393665E+00   -0.100000E+02    0.126471E+01    0.197712E+05    0.469740E+02    0.151889E+01    0.277377E-02    0.790819E-01    0.498840E-03
   0.120000E+02    0.527374E+00   -0.857143E+01    0.126471E+01    0.475201E+05    0.591799E+02    0.203479E+01    0.666677E-02    0.996308E-01    0.493726E-03
   0.120000E+02    0.206075E+01   -0.714286E+01    0.126471E+01    0.283597E+07    0.546069E+03    0.795105E+01    0.397869E+00    0.919321E+00    0.492641E-03
   0.120000E+02    0.207496E+01   -0.571429E+01    0.126471E+01    0.289513E+07    0.512785E+03    0.800588E+01    0.406169E+00    0.863287E+00    0.491688E-03
   0.120000E+02    0.206424E+01   -0.428571E+01    0.126471E+01    0.285071E+07    0.467880E+03    0.796455E+01    0.399936E+00    0.787688E+00    0.489082E-03
   0.120000E+02    0.203980E+01   -0.285714E+01    0.126471E+01    0.275037E+07    0.420269E+03    0.787025E+01    0.385859E+00    0.707533E+00    0.495654E-03
   0.120000E+02    0.200236E+01   -0.142857E+01    0.126471E+01    0.260149E+07    0.372647E+03    0.772579E+01    0.364973E+00    0.627361E+00    0.475958E-03
   0.120000E+02    0.195176E+01    0.000000E+00    0.126471E+01    0.240965E+07    0.326088E+03    0.753052E+01    0.338059E+00    0.548977E+00    0.469758E-03
   0.120000E+02    0.188899E+01    0.142857E+01    0.126471E+01    0.218434E+07    0.281887E+03    0.728837E+01    0.306450E+00    0.474563E+00    0.499645E-03
   0.120000E+02    0.181604E+01    0.285714E+01    0.126471E+01    0.194079E+07    0.240242E+03    0.700689E+01    0.272280E+00    0.404454E+00    0.470143E-03
   0.120000E+02    0.173487E+01    0.428571E+01    0.126471E+01    0.169227E+07    0.202786E+03    0.669370E+01    0.237415E+00    0.341395E+00    0.483544E-03
   0.120000E+02    0.164807E+01    0.571429E+01    0.126471E+01    0.145072E+07    0.169393E+03    0.635882E+01    0.203527E+00    0.285177E+00    0.468568E-03
   0.120000E+02    0.155955E+01    0.714286E+01    0.126471E+01    0.122927E+07    0.140533E+03    0.601725E+01    0.172458E+00    0.236591E+00    0.445278E-03
   0.120000E+02    0.147082E+01    0.857143E+01    0.126471E+01    0.103118E+07    0.116022E+03    0.567490E+01    0.144669E+00    0.195326E+00    0.480258E-03
   0.120000E+02    0.309645E+00   -0.100000E+02    0.184706E+01    0.140528E+05    0.401308E+02    0.119472E+01    0.197151E-02    0.675612E-01    0.489450E-03
   0.120000E+02    0.404160E+00   -0.857143E+01    0.184706E+01    0.312426E+05    0.472529E+02    0.155938E+01    0.438314E-02    0.795515E-01    0.493103E-03
   0.120000E+02    0.515477E+00   -0.714286E+01    0.184706E+01    0.648185E+05    0.573906E+02    0.198888E+01    0.909363E-02    0.966185E-01    0.489564E-03
   0.120000E+02    0.128224E+01   -0.571429E+01    0.184706E+01    0.997661E+06    0.228615E+03    0.494731E+01    0.139966E+00    0.384879E+00    0.490751E-03
   0.120000E+02    0.176854E+01   -0.428571E+01    0.184706E+01    0.261765E+07    0.402492E+03    0.682363E+01    0.367240E+00    0.677606E+00    0.458599E-03
   0.120000E+02    0.176385E+01   -0.285714E+01    0.184706E+01    0.259754E+07    0.374439E+03    0.680550E+01    0.364419E+00    0.630378E+00    0.486042E-03
   0.120000E+02    0.173712E+01   -0.142857E+01    0.184706E+01    0.248117E+07    0.338829E+03    0.670240E+01    0.348093E+00    0.570427E+00    0.494017E-03
   0.120000E+02    0.169815E+01    0.000000E+00    0.184706E+01    0.231760E+07    0.302086E+03    0.655203E+01    0.325144E+00    0.508570E+00    0.495165E-03
   0.120000E+02    0.164916E+01    0.142857E+01    0.184706E+01    0.212297E+07    0.265837E+03    0.636302E+01    0.297839E+00    0.447542E+00    0.485264E-03
   0.120000E+02    0.159251E+01    0.285714E+01    0.184706E+01    0.191129E+07    0.231424E+03    0.614442E+01    0.268142E+00    0.389608E+00    0.496360E-03
   0.120000E+02    0.152991E+01    0.428571E+01    0.184706E+01    0.169503E+07    0.199273E+03    0.590291E+01    0.237802E+00    0.335481E+00    0.490648E-03
   0.120000E+02    0.146341E+01    0.571429E+01    0.184706E+01    0.148317E+07    0.170772E+03    0.564630E+01    0.208079E+00    0.287498E+00    0.492094E-03
   0.120000E+02    0.139449E+01    0.714286E+01    0.184706E+01    0.128352E+07    0.144991E+03    0.538041E+01    0.180070E+00    0.244096E+00    0.481175E-03
   0.120000E+02    0.132571E+01    0.857143E+01    0.184706E+01    0.110268E+07    0.122382E+03    0.511502E+01    0.154699E+00    0.206033E+00    0.485914E-03
   0.120000E+02    0.247061E+00   -0.100000E+02    0.242941E+01    0.938827E+04    0.361521E+02    0.953244E+00    0.131712E-02    0.608629E-01    0.499910E-03
   0.120000E+02    0.338473E+00   -0.857143E+01    0.242941E+01    0.241375E+05    0.423390E+02    0.130594E+01    0.338633E-02    0.712788E-01    0.498096E-03
   0.120000E+02    0.411903E+00   -0.714286E+01    0.242941E+01    0.434961E+05    0.474555E+02    0.158926E+01    0.610223E-02    0.798926E-01    0.497009E-03
   0.120000E+02    0.511995E+00   -0.571429E+01    0.242941E+01    0.835468E+05    0.564633E+02    0.197545E+01    0.117211E-01    0.950573E-01    0.498213E-03
   0.120000E+02    0.105827E+01   -0.428571E+01    0.242941E+01    0.737685E+06    0.162122E+03    0.408317E+01    0.103493E+00    0.272936E+00    0.471757E-03
   0.120000E+02    0.148051E+01   -0.285714E+01    0.242941E+01    0.201894E+07    0.298985E+03    0.571231E+01    0.283245E+00    0.503348E+00    0.499748E-03
   0.120000E+02    0.152763E+01   -0.142857E+01    0.242941E+01             NaN             NaN             NaN             NaN             NaN    0.513886E-03
   0.120000E+02    0.151493E+01    0.000000E+00    0.242941E+01    0.216421E+07    0.276874E+03    0.584512E+01    0.303626E+00    0.466125E+00    0.497328E-03
   0.120000E+02    0.147832E+01    0.142857E+01    0.242941E+01    0.201090E+07    0.248840E+03    0.570384E+01    0.282117E+00    0.418929E+00    0.483947E-03
   0.120000E+02    0.143374E+01    0.285714E+01    0.242941E+01    0.183494E+07    0.219686E+03    0.553183E+01    0.257431E+00    0.369848E+00    0.469573E-03
   0.120000E+02    0.138386E+01    0.428571E+01    0.242941E+01    0.164945E+07    0.192994E+03    0.533940E+01    0.231407E+00    0.324910E+00    0.479717E-03
   0.120000E+02    0.133017E+01    0.571429E+01    0.242941E+01    0.146533E+07    0.167293E+03    0.513223E+01    0.205577E+00    0.281641E+00    0.491568E-03
   0.120000E+02    0.127450E+01    0.714286E+01    0.242941E+01    0.128852E+07    0.145043E+03    0.491744E+01    0.180772E+00    0.244184E+00    0.485664E-03
   0.120000E+02    0.121759E+01    0.857143E+01    0.242941E+01    0.112391E+07    0.124225E+03    0.469788E+01    0.157678E+00    0.209135E+00    0.470233E-03
   0.120000E+02    0.192150E+00   -0.100000E+02    0.301176E+01    0.547666E+04    0.329969E+02    0.741379E+00    0.768341E-03    0.555512E-01    0.496749E-03
   0.120000E+02    0.291493E+00   -0.857143E+01    0.301176E+01    0.191124E+05    0.385979E+02    0.112468E+01    0.268135E-02    0.649806E-01    0.492884E-03
   0.120000E+02    0.355750E+00   -0.714286E+01    0.301176E+01    0.347462E+05    0.433287E+02    0.137260E+01    0.487467E-02    0.729449E-01    0.498888E-03
   0.120000E+02    0.417075E+00   -0.571429E+01    0.301176E+01    0.559752E+05    0.474274E+02    0.160921E+01    0.785297E-02    0.798452E-01    0.499445E-03
   0.120000E+02    0.515109E+00   -0.428571E+01    0.301176E+01    0.105470E+06    0.562886E+02    0.198746E+01    0.147967E-01    0.947633E-01    0.496931E-03
   0.120000E+02    0.912327E+00   -0.285714E+01    0.301176E+01    0.585989E+06    0.125649E+03    0.352006E+01    0.822106E-01    0.211534E+00    0.491332E-03
   0.120000E+02    0.110570E+01   -0.142857E+01    0.301176E+01    0.104340E+07    0.175484E+03    0.426614E+01    0.146382E+00    0.295432E+00    0.497392E-03
   0.120000E+02    0.131947E+01    0.000000E+00    0.301176E+01    0.177352E+07    0.235342E+03    0.509097E+01    0.248813E+00    0.396203E+00    0.476977E-03
   0.120000E+02    0.132264E+01    0.142857E+01    0.301176E+01             NaN             NaN             NaN             NaN             NaN    0.777528E-03
   0.120000E+02    0.130303E+01    0.285714E+01    0.301176E+01    0.170745E+07    0.204928E+03    0.502752E+01    0.239544E+00    0.345002E+00    0.497275E-03
   0.120000E+02    0.126727E+01    0.428571E+01    0.301176E+01    0.156995E+07    0.184274E+03    0.488954E+01    0.220254E+00    0.310230E+00    0.495576E-03
   0.120000E+02    0.122451E+01    0.571429E+01    0.301176E+01    0.141743E+07    0.161987E+03    0.472458E+01    0.198856E+00    0.272709E+00    0.481022E-03
   0.120000E+02    0.117903E+01    0.714286E+01    0.301176E+01    0.126444E+07    0.142856E+03    0.454908E+01    0.177393E+00    0.240502E+00    0.473378E-03
   0.120000E+02    0.113138E+01    0.857143E+01    0.301176E+01    0.111786E+07    0.123999E+03    0.436525E+01    0.156828E+00    0.208756E+00    0.497555E-03
   0.120000E+02    0.133282E+00   -0.100000E+02    0.359412E+01             NaN             NaN             NaN             NaN             NaN    0.149160E-02
   0.120000E+02    0.255002E+00   -0.857143E+01    0.359412E+01    0.152715E+05    0.361830E+02    0.983884E+00    0.214250E-02    0.609151E-01    0.497596E-03
   0.120000E+02    0.315678E+00   -0.714286E+01    0.359412E+01    0.289704E+05    0.403710E+02    0.121799E+01    0.406437E-02    0.679656E-01    0.499158E-03
   0.120000E+02    0.366838E+00   -0.571429E+01    0.359412E+01    0.454666E+05    0.437217E+02    0.141538E+01    0.637868E-02    0.736065E-01    0.497400E-03
   0.120000E+02    0.422081E+00   -0.428571E+01    0.359412E+01    0.692255E+05    0.473630E+02    0.162853E+01    0.971191E-02    0.797368E-01    0.496138E-03
   0.120000E+02    0.522076E+00   -0.285714E+01    0.359412E+01    0.131021E+06    0.566791E+02    0.201434E+01    0.183814E-01    0.954207E-01    0.493519E-03
   0.120000E+02    0.808399E+00   -0.142857E+01    0.359412E+01    0.486754E+06    0.103571E+03    0.311907E+01    0.682885E-01    0.174365E+00    0.496761E-03
   0.120000E+02    0.940507E+00    0.000000E+00    0.359412E+01    0.766089E+06    0.133009E+03    0.362879E+01    0.107478E+00    0.223924E+00    0.480900E-03
   0.120000E+02    0.115161E+01    0.142857E+01    0.359412E+01    0.140682E+07    0.186249E+03    0.444328E+01    0.197368E+00    0.313555E+00    0.470021E-03
   0.120000E+02    0.116605E+01    0.285714E+01    0.359412E+01    0.145934E+07    0.182716E+03    0.449899E+01    0.204736E+00    0.307608E+00    0.498688E-03
   0.120000E+02    0.115090E+01    0.428571E+01    0.359412E+01             NaN             NaN             NaN             NaN             NaN    0.815704E-03
   0.120000E+02    0.112497E+01    0.571429E+01    0.359412E+01             NaN             NaN             NaN             NaN             NaN    0.813779E-03
   0.120000E+02    0.109234E+01    0.714286E+01    0.359412E+01             NaN             NaN             NaN             NaN             NaN    0.702600E-03
   0.120000E+02    0.105443E+01    0.857143E+01    0.359412E+01             NaN             NaN             NaN             NaN             NaN    0.613443E-03
   0.120000E+02    0.311441E-01   -0.100000E+02    0.417647E+01             NaN             NaN             NaN             NaN             NaN    0.114542E-01
   0.120000E+02    0.225950E+00   -0.857143E+01    0.417647E+01    0.123459E+05    0.346046E+02    0.871790E+00    0.173205E-02    0.582577E-01    0.497991E-03
   0.120000E+02    0.284591E+00   -0.714286E+01    0.417647E+01    0.246678E+05    0.378619E+02    0.109805E+01    0.346074E-02    0.637414E-01    0.496516E-03
   0.120000E+02    0.330908E+00   -0.571429E+01    0.417647E+01    0.387744E+05    0.407268E+02    0.127675E+01    0.543981E-02    0.685646E-01    0.499852E-03
   0.120000E+02    0.374780E+00   -0.428571E+01    0.417647E+01    0.563418E+05    0.438215E+02    0.144603E+01    0.790440E-02    0.737746E-01    0.498165E-03
   0.120000E+02    0.428560E+00   -0.285714E+01    0.417647E+01    0.841942E+05    0.474662E+02    0.165353E+01    0.118119E-01    0.799106E-01    0.485406E-03
   0.120000E+02    0.531742E+00   -0.142857E+01    0.417647E+01    0.160851E+06    0.575665E+02    0.205164E+01    0.225664E-01    0.969146E-01    0.478909E-03
   0.120000E+02    0.735650E+00    0.000000E+00    0.417647E+01    0.425844E+06    0.898485E+02    0.283838E+01    0.597433E-01    0.151262E+00    0.498910E-03
   0.120000E+02    0.847638E+00    0.142857E+01    0.417647E+01    0.651558E+06    0.111089E+03    0.327047E+01    0.914095E-01    0.187021E+00    0.497897E-03
   0.120000E+02    0.101621E+01    0.285714E+01    0.417647E+01    0.112221E+07    0.150866E+03    0.392087E+01    0.157439E+00    0.253987E+00    0.498535E-03
   0.120000E+02    0.103892E+01    0.428571E+01    0.417647E+01    0.120052E+07    0.150173E+03    0.400851E+01    0.168425E+00    0.252821E+00    0.463315E-03
   0.120000E+02    0.103063E+01    0.571429E+01    0.417647E+01    0.117173E+07    0.141338E+03    0.397653E+01    0.164386E+00    0.237946E+00    0.498812E-03
   0.120000E+02    0.100948E+01    0.714286E+01    0.417647E+01             NaN             NaN             NaN             NaN             NaN    0.761177E-03
   0.120000E+02    0.982434E+00    0.857143E+01    0.417647E+01             NaN             NaN             NaN             NaN             NaN    0.935920E-03
   0.120000E+02   -0.335763E+01   -0.100000E+02    0.475882E+01             NaN             NaN             NaN             NaN             NaN    0.163751E+01
   0.120000E+02   -0.358001E+01   -0.857143E+01    0.475882E+01             NaN             NaN             NaN             NaN             NaN    0.228061E-01
   0.120000E+02   -0.359485E+01   -0.714286E+01    0.475882E+01             NaN             NaN             NaN             NaN             NaN    0.156490E-01
   0.120000E+02   -0.359209E+01   -0.571429E+01    0.475882E+01             NaN             NaN             NaN             NaN             NaN    0.204711E-01
   0.120000E+02   -0.336901E+01   -0.428571E+01    0.475882E+01             NaN             NaN             NaN             NaN             NaN    0.544936E-01
   0.120000E+02   -0.318320E+01   -0.285714E+01    0.475882E+01             NaN             NaN             NaN             NaN             NaN    0.237761E-01
   0.120000E+02   -0.304777E+01   -0.142857E+01    0.475882E+01             NaN             NaN             NaN             NaN             NaN    0.480946E-01
   0.120000E+02   -0.295689E+01    0.000000E+00    0.475882E+01             NaN             NaN             NaN             NaN             NaN    0.516768E-01
   0.120000E+02   -0.281597E+01    0.142857E+01    0.475882E+01             NaN             NaN             NaN             NaN             NaN    0.463077E-01
   0.120000E+02   -0.263491E+01    0.285714E+01    0.475882E+01             NaN             NaN             NaN             NaN             NaN    0.389280E-01
   0.120000E+02   -0.251625E+01    0.428571E+01    0.475882E+01             NaN             NaN             NaN             NaN             NaN    0.363616E-01
   0.120000E+02   -0.241590E+01    0.571429E+01    0.475882E+01             NaN             NaN             NaN             NaN             NaN    0.293543E-01
   0.120000E+02   -0.239297E+01    0.714286E+01    0.475882E+01             NaN             NaN             NaN             NaN             NaN    0.601339E-03
   0.120000E+02   -0.227420E+01    0.857143E+01    0.475882E+01   -0.633696E+07    0.375872E+03   -0.877462E+01   -0.889036E+00    0.632791E+00    0.499729E-03
   0.120000E+02   -0.336850E+01   -0.100000E+02    0.534118E+01   -0.938523E+07   -0.182877E+02   -0.129968E+02   -0.131669E+01   -0.307878E-01    0.495725E-03
   0.120000E+02   -0.359440E+01   -0.857143E+01    0.534118E+01             NaN             NaN             NaN             NaN             NaN    0.313377E-01
   0.120000E+02   -0.361066E+01   -0.714286E+01    0.534118E+01             NaN             NaN             NaN             NaN             NaN    0.390886E-01
   0.120000E+02   -0.358277E+01   -0.571429E+01    0.534118E+01             NaN             NaN             NaN             NaN             NaN    0.229713E-01
   0.120000E+02   -0.337767E+01   -0.428571E+01    0.534118E+01             NaN             NaN             NaN             NaN             NaN    0.497325E-01
   0.120000E+02   -0.316720E+01   -0.285714E+01    0.534118E+01             NaN             NaN             NaN             NaN             NaN    0.244565E-02
   0.120000E+02   -0.307239E+01   -0.142857E+01    0.534118E+01             NaN             NaN             NaN             NaN             NaN    0.491642E-01
   0.120000E+02   -0.296960E+01    0.000000E+00    0.534118E+01             NaN             NaN             NaN             NaN             NaN    0.514892E-01
   0.120000E+02   -0.278410E+01    0.142857E+01    0.534118E+01             NaN             NaN             NaN             NaN             NaN    0.465310E-01
   0.120000E+02   -0.262966E+01    0.285714E+01    0.534118E+01             NaN             NaN             NaN             NaN             NaN    0.377697E-01
   0.120000E+02   -0.254022E+01    0.428571E+01    0.534118E+01             NaN             NaN             NaN             NaN             NaN    0.367990E-01
   0.120000E+02   -0.242070E+01    0.571429E+01    0.534118E+01             NaN             NaN             NaN             NaN             NaN    0.292633E-01
   0.120000E+02   -0.239245E+01    0.714286E+01    0.534118E+01             NaN             NaN             NaN             NaN             NaN    0.598378E-03
   0.120000E+02   -0.227414E+01    0.857143E+01    0.534118E+01   -0.633629E+07    0.375864E+03   -0.877441E+01   -0.888942E+00    0.632777E+00    0.497125E-03
   0.120000E+02   -0.336859E+01   -0.100000E+02    0.592353E+01   -0.938533E+07   -0.182504E+02   -0.129971E+02   -0.131670E+01   -0.307250E-01    0.492788E-03
   0.120000E+02   -0.360476E+01   -0.857143E+01    0.592353E+01             NaN             NaN             NaN             NaN             NaN    0.329497E-01
   0.120000E+02   -0.360480E+01   -0.714286E+01    0.592353E+01             NaN             NaN             NaN             NaN             NaN    0.386402E-01
   0.120000E+02   -0.360411E+01   -0.571429E+01    0.592353E+01             NaN             NaN             NaN             NaN             NaN    0.210004E-01
   0.120000E+02   -0.344198E+01   -0.428571E+01    0.592353E+01             NaN             NaN             NaN             NaN             NaN    0.463545E-01
   0.120000E+02   -0.318310E+01   -0.285714E+01    0.592353E+01             NaN             NaN             NaN             NaN             NaN    0.242946E-01
   0.120000E+02   -0.306419E+01   -0.142857E+01    0.592353E+01             NaN             NaN             NaN             NaN             NaN    0.406043E-01
   0.120000E+02   -0.287808E+01    0.000000E+00    0.592353E+01             NaN             NaN             NaN             NaN             NaN    0.509455E-01
   0.120000E+02   -0.278944E+01    0.142857E+01    0.592353E+01             NaN             NaN             NaN             NaN             NaN    0.461364E-01
   0.120000E+02   -0.269481E+01    0.285714E+01    0.592353E+01             NaN             NaN             NaN             NaN             NaN    0.380763E-01
   0.120000E+02   -0.252741E+01    0.428571E+01    0.592353E+01             NaN             NaN             NaN             NaN             NaN    0.376162E-01
   0.120000E+02   -0.245413E+01    0.571429E+01    0.592353E+01             NaN             NaN             NaN             NaN             NaN    0.294487E-01
   0.120000E+02   -0.239244E+01    0.714286E+01    0.592353E+01             NaN             NaN             NaN             NaN             NaN    0.596496E-03
   0.120000E+02   -0.227430E+01    0.857143E+01    0.592353E+01   -0.633672E+07    0.375776E+03   -0.877501E+01   -0.889002E+00    0.632629E+00    0.499249E-03
   0.120000E+02             NaN             NaN    0.650588E+01             NaN             NaN             NaN             NaN             NaN       -Infinity
   0.120000E+02             NaN             NaN    0.650588E+01             NaN             NaN             NaN             NaN             NaN       -Infinity
   0.120000E+02             NaN             NaN    0.650588E+01             NaN             NaN             NaN             NaN             NaN       -Infinity
   0.120000E+02             NaN             NaN    0.650588E+01             NaN             NaN             NaN             NaN             NaN       -Infinity
   0.120000E+02             NaN             NaN    0.650588E+01             NaN             NaN             NaN             NaN             NaN       -Infinity
   0.120000E+02             NaN             NaN    0.650588E+01             NaN             NaN             NaN             NaN             NaN       -Infinity
   0.120000E+02             NaN             NaN    0.650588E+01             NaN             NaN             NaN             NaN             NaN       -Infinity
   0.120000E+02             NaN             NaN    0.650588E+01             NaN             NaN             NaN             NaN             NaN       -Infinity
   0.120000E+02             NaN             NaN    0.650588E+01             NaN             NaN             NaN             NaN             NaN       -Infinity
   0.120000E+02             NaN             NaN    0.650588E+01             NaN             NaN             NaN             NaN             NaN       -Infinity
   0.120000E+02             NaN             NaN    0.650588E+01             NaN             NaN             NaN             NaN             NaN       -Infinity
   0.120000E+02             NaN             NaN    0.650588E+01             NaN             NaN             NaN             NaN             NaN       -Infinity
   0.120000E+02             NaN             NaN    0.650588E+01             NaN             NaN             NaN             NaN             NaN       -Infinity
   0.120000E+02             NaN             NaN    0.650588E+01             NaN             NaN             NaN             NaN             NaN       -Infinity
   0.120000E+02             NaN             NaN    0.708824E+01             NaN             NaN             NaN             NaN             NaN       -Infinity
   0.120000E+02             NaN             NaN    0.708824E+01             NaN             NaN             NaN             NaN             NaN       -Infinity
   0.120000E+02             NaN             NaN    0.708824E+01             NaN             NaN             NaN             NaN             NaN       -Infinity
   0.120000E+02             NaN             NaN    0.708824E+01             NaN             NaN             NaN             NaN             NaN       -Infinity
   0.120000E+02             NaN             NaN    0.708824E+01             NaN             NaN             NaN             NaN             NaN       -Infinity
   0.120000E+02             NaN             NaN    0.708824E+01             NaN             NaN             NaN             NaN             NaN       -Infinity
   0.120000E+02             NaN             NaN    0.708824E+01             NaN             NaN             NaN             NaN             NaN       -Infinity
   0.120000E+02             NaN             NaN    0.708824E+01             NaN             NaN             NaN             NaN             NaN       -Infinity
